image: map.pgm
resolution: 0.010000
origin: [-32.480000, -20.000000, 0.000000]
negate: 0
occupied_thresh: 0.65
free_thresh: 0.196

