image: /home/robot/TUtheSky2.pgm
resolution: 0.010000
origin: [-20.000000, -37.280000, 0.000000]
negate: 0
occupied_thresh: 0.65
free_thresh: 0.196

