image: map.pgm
resolution: 0.066667
origin: [-40.000000, -40.000000, 0.000000]
negate: 0
occupied_thresh: 0.65
free_thresh: 0.196
