image: map.pgm
resolution: 0.010000
origin: [-23.600000, -16.800000, 0.000000]
#origin: [0.800000, 2.500000, 0.000000]
negate: 0
occupied_thresh: 0.65
free_thresh: 0.196

